9
1102
7976
2976
8354
3394
3045
5730
2822
1883
1480
8394
7674
683
3171
9205
4388
9333
8077
3776
3891
6189
1900
3299
2887
8838
5147
483
1785
1001
7176
7439
5559
4539
5476
5665
5874
8223
9391
4276
7356
6685
4937
8034
9182
1927
6188
1793
1857
8705
923
8837
5040
9048
7603
3093
859
1989
2815
1134
1393
9092
2304
6499
5049
4
567
766
2045
8807
1830
5816
2017
5811
1482
8608
551
9061
8994
1825
5281
4814
4880
1935
7044
3322
5348
1976
1424
2402
6978
6267
239
5698
9405
5774
7530
5289
5670
6409
5426
315
3823
8920
3914
8650
5045
9583
4806
4024
406
3553
44
4847
8411
9493
5183
4335
3662
1700
1913
4690
1619
3253
7972
2548
2586
6652
1406
476
1036
914
7874
2069
1368
6417
6282
1844
7314
2191
4415
2215
6983
6802
7449
6629
8952
7338
4759
9002
2681
6810
8305
8158
2436
609
5260
2567
4619
4029
941
756
975
4394
9975
6722
8896
1346
4063
4579
9756
3303
3315
4599
1889
2122
7039
2787
8145
1045
1877
838
9749
2554
3228
5297
6526
7938
8917
3593
4324
2485
5852
5869
7688
2181
3345
7809
5121
7708
4321
2164
1526
3309
3957
3244
7009
9584
4913
5466
4595
1461
6361
290
1148
2891
9266
908
7232
3424
6255
8962
8408
9172
857
1775
9938
2763
5577
6465
1411
1011
8246
1845
7421
3633
8604
123
3293
2245
186
27
3028
3911
8329
719
7023
1075
5087
4070
5328
9843
2605
8685
8790
11
1316
853
1347
4170
6021
3938
1211
9632
42
4633
5527
1115
9367
1708
2769
6219
5110
6531
8473
6120
4524
3871
4049
3081
9582
4699
2582
6224
5645
3734
9404
5667
6088
1100
7762
92
9983
7578
418
4837
7341
5080
3321
5241
534
7242
4494
661
817
7502
2293
5322
9201
3960
3565
1328
2137
8644
4403
931
9693
6569
2532
874
3594
4431
3927
34
3777
3998
7631
6089
1207
9204
4281
7891
3888
5868
7581
739
9163
9901
8811
2258
1577
8766
7450
6736
387
1520
2667
5312
8131
9554
1703
2234
9016
4179
6984
6909
8891
811
6860
3648
202
1739
6086
886
4878
1721
4160
4951
9532
9356
531
6921
168
8108
7093
8565
5957
7097
8993
1718
3839
625
6972
5625
1594
578
1943
7900
4851
8839
5254
1925
5974
8916
3486
2882
8303
7944
9559
2238
9444
9947
3726
8548
4138
2597
7829
7261
6527
8045
352
7782
2232
8802
1295
8613
1086
6264
9925
1372
6845
2043
8593
8953
7445
6201
3184
589
3120
3748
895
5841
4692
1833
6137
6343
8371
5213
7545
6894
7286
9202
4067
5007
5517
45
4954
9853
3675
3091
645
9112
4444
5318
8773
8199
6823
9696
6890
6858
3434
7325
3368
263
8266
3985
6240
7357
6792
6379
2216
7090
8244
1631
4537
5262
2781
7503
2400
6764
3383
1868
9882
6778
4881
2042
8486
7511
3256
8293
6874
5146
376
343
6819
9268
1122
109
1795
2071
1582
9301
4653
7667
9941
3084
9903
9025
5142
9955
4582
70
7629
5875
8330
826
8465
5264
2995
380
771
2580
6010
2761
5363
3581
3040
5195
5619
952
1933
6830
438
6977
6160
8804
1509
1490
9464
2080
2545
2265
2326
8853
6752
2099
4578
9649
1861
9133
6691
5579
6679
4295
9389
4062
4472
8314
9121
5407
8289
6446
9385
3634
8711
1565
7482
153
6503
5477
5772
7316
2405
7299
586
2799
9429
8342
2110
5755
5497
7912
6135
6129
5487
6842
1722
4267
6393
3714
7264
6848
2364
2912
1506
1169
5138
9527
8821
3328
5990
621
6544
9864
4852
8946
6696
6114
3882
5226
8936
5626
1701
2020
6132
5808
1161
4282
7998
5330
50
5489
7056
4606
2638
2209
6341
8157
2329
9174
1071
4659
8309
8586
8204
7358
6899
7821
6405
4998
4554
7081
7281
8667
6864
4076
5970
8488
7725
6140
6664
2690
7773
1269
5831
3622
7427
4275
7249
5243
748
119
2865
6484
3444
8395
7781
2125
7360
7113
698
4776
814
7181
7974
2762
5470
5023
7229
3103
1929
6402
4677
228
4521
3550
9730
521
5851
5762
6246
7999
5437
1492
9678
4964
916
8088
4953
9746
2233
8909
2737
2795
9001
2574
5368
4116
243
6126
5166
2516
9169
536
7456
7378
9039
6640
122
3186
803
6004
2119
6718
8468
5585
7321
2940
4502
1517
2346
986
5571
5823
2766
5898
784
3971
4742
7183
8188
5646
3841
839
9856
3996
7417
3205
2836
3381
1654
6998
8407
9065
9422
7593
2023
6453
127
3721
8013
6935
1666
8282
5697
9298
4332
3341
7381
9360
959
2682
6917
9747
2340
344
6926
703
5311
8024
8112
7521
4326
2699
8736
4240
3504
4808
4238
3290
1924
5867
7474
9304
4974
1986
2494
6815
8840
5361
3367
156
6824
9803
8332
1040
1342
3635
8818
3007
1664
8068
2813
920
8516
714
6488
3872
4156
4523
3764
2607
8899
1667
8389
7139
3480
2240
9658
2824
2097
4364
6765
3490
3310
4064
4686
1191
7492
1223
909
7339
4866
437
6870
4718
4615
3601
5180
4014
9343
9147
8189
5753
5283
5028
7764
306
2860
5949
6241
7464
8234
561
124
3400
3687
4375
7942
9345
9361
1066
4124
1099
7655
8657
5794
9670
4108
9394
4597
1675
9245
8668
6971
5518
152
6396
4035
1583
9408
6095
1849
7849
9401
5346
1762
8547
4031
1155
3640
9353
210
2595
7615
4377
8156
2222
7732
6889
6751
1992
3136
5460
3953
2816
1241
2835
3274
212
2809
492
2748
3972
4849
8625
2370
3554
151
6289
2593
7401
1493
9785
6406
5105
5996
1263
5189
4977
2307
6820
9375
2564
4298
9710
8388
7032
2038
8058
1743
6514
6654
1620
3360
9414
6737
494
2962
6856
3220
4441
4997
4447
5639
3092
752
547
8633
3226
5083
3642
9567
3094
966
3431
7004
9049
7710
4535
5048
9904
9132
6584
4137
2490
6387
3072
8619
1728
4909
5038
8834
4719
4722
5043
9369
1922
5653
4590
926
9158
9366
1601
1327
2030
7202
214
3023
3376
1119
9795
7476
9518
7858
357
8317
9442
9733
842
170
8322
9977
6936
